,0
0,"[[0.00000000e+00 0.00000000e+00 0.00000000e+00 ... 1.62753280e-70
  2.15021130e-61 2.83457071e-52]
 [0.00000000e+00 0.00000000e+00 0.00000000e+00 ... 1.62753281e-70
  2.15021131e-61 2.83457073e-52]
 [0.00000000e+00 0.00000000e+00 0.00000000e+00 ... 1.62753283e-70
  2.15021134e-61 2.83457076e-52]
 ...
 [3.00991104e-05 0.00000000e+00 0.00000000e+00 ... 0.00000000e+00
  0.00000000e+00 0.00000000e+00]
 [3.01174083e-05 0.00000000e+00 0.00000000e+00 ... 0.00000000e+00
  0.00000000e+00 0.00000000e+00]
 [3.01313796e-05 0.00000000e+00 0.00000000e+00 ... 0.00000000e+00
  0.00000000e+00 0.00000000e+00]]"
1,"[[0.00000000e+00 0.00000000e+00 0.00000000e+00 ... 1.77135386e-73
  2.33239720e-64 3.06431465e-55]
 [0.00000000e+00 0.00000000e+00 0.00000000e+00 ... 1.77135387e-73
  2.33239722e-64 3.06431467e-55]
 [0.00000000e+00 0.00000000e+00 0.00000000e+00 ... 1.77135389e-73
  2.33239724e-64 3.06431470e-55]
 ...
 [1.09422837e-05 0.00000000e+00 0.00000000e+00 ... 0.00000000e+00
  0.00000000e+00 0.00000000e+00]
 [1.09508201e-05 0.00000000e+00 0.00000000e+00 ... 0.00000000e+00
  0.00000000e+00 0.00000000e+00]
 [1.09573663e-05 0.00000000e+00 0.00000000e+00 ... 0.00000000e+00
  0.00000000e+00 0.00000000e+00]]"
2,"[[0.00000000e+00 0.00000000e+00 0.00000000e+00 ... 1.82029177e-76
  2.38865456e-67 3.12736070e-58]
 [0.00000000e+00 0.00000000e+00 0.00000000e+00 ... 1.82029180e-76
  2.38865459e-67 3.12736074e-58]
 [0.00000000e+00 0.00000000e+00 0.00000000e+00 ... 1.82029184e-76
  2.38865465e-67 3.12736082e-58]
 ...
 [6.15049466e-05 0.00000000e+00 0.00000000e+00 ... 0.00000000e+00
  0.00000000e+00 0.00000000e+00]
 [6.15315076e-05 0.00000000e+00 0.00000000e+00 ... 0.00000000e+00
  0.00000000e+00 0.00000000e+00]
 [6.15517203e-05 0.00000000e+00 0.00000000e+00 ... 0.00000000e+00
  0.00000000e+00 0.00000000e+00]]"
3,"[[0.00000000e+00 0.00000000e+00 0.00000000e+00 ... 7.09469673e-80
  9.27748817e-71 1.21036842e-61]
 [0.00000000e+00 0.00000000e+00 0.00000000e+00 ... 7.09469684e-80
  9.27748831e-71 1.21036843e-61]
 [0.00000000e+00 0.00000000e+00 0.00000000e+00 ... 7.09469706e-80
  9.27748860e-71 1.21036847e-61]
 ...
 [7.12475060e-09 0.00000000e+00 0.00000000e+00 ... 0.00000000e+00
  0.00000000e+00 0.00000000e+00]
 [5.88997291e-09 0.00000000e+00 0.00000000e+00 ... 0.00000000e+00
  0.00000000e+00 0.00000000e+00]
 [5.06195908e-09 0.00000000e+00 0.00000000e+00 ... 0.00000000e+00
  0.00000000e+00 0.00000000e+00]]"
4,"[[0.00000000e+00 0.00000000e+00 0.00000000e+00 ... 2.73213063e-83
  3.56000887e-74 4.62774276e-65]
 [0.00000000e+00 0.00000000e+00 0.00000000e+00 ... 2.73213069e-83
  3.56000895e-74 4.62774286e-65]
 [0.00000000e+00 0.00000000e+00 0.00000000e+00 ... 2.73213081e-83
  3.56000911e-74 4.62774307e-65]
 ...
 [6.94730279e-05 0.00000000e+00 0.00000000e+00 ... 0.00000000e+00
  0.00000000e+00 0.00000000e+00]
 [6.93909822e-05 0.00000000e+00 0.00000000e+00 ... 0.00000000e+00
  0.00000000e+00 0.00000000e+00]
 [6.93262168e-05 0.00000000e+00 0.00000000e+00 ... 0.00000000e+00
  0.00000000e+00 0.00000000e+00]]"
5,"[[0.00000000e+00 0.00000000e+00 0.00000000e+00 ... 7.78469324e-87
  1.01067676e-77 1.30896856e-68]
 [0.00000000e+00 0.00000000e+00 0.00000000e+00 ... 7.78469337e-87
  1.01067678e-77 1.30896858e-68]
 [0.00000000e+00 0.00000000e+00 0.00000000e+00 ... 7.78469364e-87
  1.01067681e-77 1.30896863e-68]
 ...
 [1.59622041e-05 0.00000000e+00 0.00000000e+00 ... 0.00000000e+00
  0.00000000e+00 0.00000000e+00]
 [1.60243529e-05 0.00000000e+00 0.00000000e+00 ... 0.00000000e+00
  0.00000000e+00 0.00000000e+00]
 [1.60747404e-05 0.00000000e+00 0.00000000e+00 ... 0.00000000e+00
  0.00000000e+00 0.00000000e+00]]"
6,"[[0.00000000e+00 0.00000000e+00 0.00000000e+00 ... 2.90037864e-90
  3.75158302e-81 4.84058648e-72]
 [0.00000000e+00 0.00000000e+00 0.00000000e+00 ... 2.90037870e-90
  3.75158310e-81 4.84058658e-72]
 [0.00000000e+00 0.00000000e+00 0.00000000e+00 ... 2.90037882e-90
  3.75158325e-81 4.84058678e-72]
 ...
 [6.57188627e-05 0.00000000e+00 0.00000000e+00 ... 0.00000000e+00
  0.00000000e+00 0.00000000e+00]
 [6.57401042e-05 0.00000000e+00 0.00000000e+00 ... 0.00000000e+00
  0.00000000e+00 0.00000000e+00]
 [6.57553970e-05 0.00000000e+00 0.00000000e+00 ... 0.00000000e+00
  0.00000000e+00 0.00000000e+00]]"
7,"[[0.00000000e+00 0.00000000e+00 0.00000000e+00 ... 8.91798298e-94
  1.14916969e-84 1.47707015e-75]
 [0.00000000e+00 0.00000000e+00 0.00000000e+00 ... 8.91798308e-94
  1.14916970e-84 1.47707017e-75]
 [0.00000000e+00 0.00000000e+00 0.00000000e+00 ... 8.91798329e-94
  1.14916973e-84 1.47707020e-75]
 ...
 [1.30825602e-05 0.00000000e+00 0.00000000e+00 ... 0.00000000e+00
  0.00000000e+00 0.00000000e+00]
 [1.30825602e-05 0.00000000e+00 0.00000000e+00 ... 0.00000000e+00
  0.00000000e+00 0.00000000e+00]
 [1.30825602e-05 0.00000000e+00 0.00000000e+00 ... 0.00000000e+00
  0.00000000e+00 0.00000000e+00]]"
8,"[[0.00000000e+00 0.00000000e+00 0.00000000e+00 ... 2.81502133e-97
  3.61344727e-88 4.62635387e-79]
 [0.00000000e+00 0.00000000e+00 0.00000000e+00 ... 2.81502138e-97
  3.61344734e-88 4.62635396e-79]
 [0.00000000e+00 0.00000000e+00 0.00000000e+00 ... 2.81502149e-97
  3.61344748e-88 4.62635414e-79]
 ...
 [8.75018322e-05 0.00000000e+00 0.00000000e+00 ... 0.00000000e+00
  0.00000000e+00 0.00000000e+00]
 [8.75018322e-05 0.00000000e+00 0.00000000e+00 ... 0.00000000e+00
  0.00000000e+00 0.00000000e+00]
 [8.75018322e-05 0.00000000e+00 0.00000000e+00 ... 0.00000000e+00
  0.00000000e+00 0.00000000e+00]]"
9,"[[0.00000000e+000 0.00000000e+000 0.00000000e+000 ... 6.18609255e-101
  7.90945424e-092 1.00862721e-082]
 [0.00000000e+000 0.00000000e+000 0.00000000e+000 ... 6.18609265e-101
  7.90945436e-092 1.00862722e-082]
 [0.00000000e+000 0.00000000e+000 0.00000000e+000 ... 6.18609285e-101
  7.90945462e-092 1.00862726e-082]
 ...
 [1.86354565e-005 0.00000000e+000 0.00000000e+000 ... 0.00000000e+000
  0.00000000e+000 0.00000000e+000]
 [1.86354565e-005 0.00000000e+000 0.00000000e+000 ... 0.00000000e+000
  0.00000000e+000 0.00000000e+000]
 [1.86354565e-005 0.00000000e+000 0.00000000e+000 ... 0.00000000e+000
  0.00000000e+000 0.00000000e+000]]"
10,"[[0.00000000e+000 0.00000000e+000 0.00000000e+000 ... 1.59107669e-104
  2.02617866e-095 2.57332067e-086]
 [0.00000000e+000 0.00000000e+000 0.00000000e+000 ... 1.59107674e-104
  2.02617872e-095 2.57332074e-086]
 [0.00000000e+000 0.00000000e+000 0.00000000e+000 ... 1.59107683e-104
  2.02617883e-095 2.57332089e-086]
 ...
 [5.66309888e-005 0.00000000e+000 0.00000000e+000 ... 0.00000000e+000
  0.00000000e+000 0.00000000e+000]
 [5.66309888e-005 0.00000000e+000 0.00000000e+000 ... 0.00000000e+000
  0.00000000e+000 0.00000000e+000]
 [5.66309888e-005 0.00000000e+000 0.00000000e+000 ... 0.00000000e+000
  0.00000000e+000 0.00000000e+000]]"
11,"[[0.00000000e+000 0.00000000e+000 0.00000000e+000 ... 5.82979520e-108
  7.39370018e-099 9.35138636e-090]
 [0.00000000e+000 0.00000000e+000 0.00000000e+000 ... 5.82979528e-108
  7.39370027e-099 9.35138648e-090]
 [0.00000000e+000 0.00000000e+000 0.00000000e+000 ... 5.82979415e-108
  7.39369884e-099 9.35138467e-090]
 ...
 [7.68639904e-006 0.00000000e+000 0.00000000e+000 ... 0.00000000e+000
  0.00000000e+000 0.00000000e+000]
 [7.68628308e-006 0.00000000e+000 0.00000000e+000 ... 0.00000000e+000
  0.00000000e+000 0.00000000e+000]
 [7.68620944e-006 0.00000000e+000 0.00000000e+000 ... 0.00000000e+000
  0.00000000e+000 0.00000000e+000]]"
12,"[[0.00000000e+000 0.00000000e+000 0.00000000e+000 ... 2.62503257e-111
  3.31536168e-102 4.17549335e-093]
 [0.00000000e+000 0.00000000e+000 0.00000000e+000 ... 2.62503262e-111
  3.31536174e-102 4.17549343e-093]
 [0.00000000e+000 0.00000000e+000 0.00000000e+000 ... 2.60921164e-111
  3.29538018e-102 4.15032789e-093]
 ...
 [5.52326400e-005 0.00000000e+000 0.00000000e+000 ... 0.00000000e+000
  0.00000000e+000 0.00000000e+000]
 [5.52327560e-005 0.00000000e+000 0.00000000e+000 ... 0.00000000e+000
  0.00000000e+000 0.00000000e+000]
 [5.52328296e-005 0.00000000e+000 0.00000000e+000 ... 0.00000000e+000
  0.00000000e+000 0.00000000e+000]]"
13,"[[0.00000000e+000 0.00000000e+000 0.00000000e+000 ... 7.70952289e-115
  9.69563031e-106 1.21584987e-096]
 [0.00000000e+000 0.00000000e+000 0.00000000e+000 ... 7.70952295e-115
  9.69563040e-106 1.21584988e-096]
 [0.00000000e+000 0.00000000e+000 0.00000000e+000 ... 2.21305063e-146
  2.78317103e-137 3.49014765e-128]
 ...
 [7.74012814e-006 0.00000000e+000 0.00000000e+000 ... 0.00000000e+000
  0.00000000e+000 0.00000000e+000]
 [7.74012814e-006 0.00000000e+000 0.00000000e+000 ... 0.00000000e+000
  0.00000000e+000 0.00000000e+000]
 [7.74012814e-006 0.00000000e+000 0.00000000e+000 ... 0.00000000e+000
  0.00000000e+000 0.00000000e+000]]"
14,"[[0.00000000e+000 0.00000000e+000 0.00000000e+000 ... 1.16192858e-118
  1.45493659e-109 1.81651454e-100]
 [0.00000000e+000 0.00000000e+000 0.00000000e+000 ... 1.16192862e-118
  1.45493664e-109 1.81651461e-100]
 [0.00000000e+000 0.00000000e+000 0.00000000e+000 ... 1.87683789e-159
  2.35012734e-150 2.93417632e-141]
 ...
 [5.95110983e-005 0.00000000e+000 0.00000000e+000 ... 0.00000000e+000
  0.00000000e+000 0.00000000e+000]
 [5.95110976e-005 0.00000000e+000 0.00000000e+000 ... 0.00000000e+000
  0.00000000e+000 0.00000000e+000]
 [5.95110970e-005 0.00000000e+000 0.00000000e+000 ... 0.00000000e+000
  0.00000000e+000 0.00000000e+000]]"
15,"[[0.00000000e+000 0.00000000e+000 0.00000000e+000 ... 8.97381278e-123
  1.11872036e-113 1.39049807e-104]
 [0.00000000e+000 0.00000000e+000 0.00000000e+000 ... 8.97381285e-123
  1.11872037e-113 1.39049808e-104]
 [0.00000000e+000 0.00000000e+000 0.00000000e+000 ... 3.37022049e-207
  4.20148532e-198 5.22217834e-189]
 ...
 [8.81542909e-006 0.00000000e+000 0.00000000e+000 ... 0.00000000e+000
  0.00000000e+000 0.00000000e+000]
 [8.81542909e-006 0.00000000e+000 0.00000000e+000 ... 0.00000000e+000
  0.00000000e+000 0.00000000e+000]
 [8.81542909e-006 0.00000000e+000 0.00000000e+000 ... 0.00000000e+000
  0.00000000e+000 0.00000000e+000]]"
16,"[[0.00000000e+000 0.00000000e+000 0.00000000e+000 ... 3.19102363e-127
  3.96020498e-118 4.89985911e-109]
 [0.00000000e+000 0.00000000e+000 0.00000000e+000 ... 3.19102460e-127
  3.96020618e-118 4.89986059e-109]
 [0.00000000e+000 0.00000000e+000 0.00000000e+000 ... 2.70656807e-130
  3.35897366e-121 4.15597117e-112]
 ...
 [1.77729892e-005 0.00000000e+000 0.00000000e+000 ... 0.00000000e+000
  0.00000000e+000 0.00000000e+000]
 [1.77729899e-005 0.00000000e+000 0.00000000e+000 ... 0.00000000e+000
  0.00000000e+000 0.00000000e+000]
 [1.77729905e-005 0.00000000e+000 0.00000000e+000 ... 0.00000000e+000
  0.00000000e+000 0.00000000e+000]]"
17,"[[0.00000000e+000 0.00000000e+000 0.00000000e+000 ... 5.60386743e-132
  6.92278378e-123 8.52560695e-114]
 [0.00000000e+000 0.00000000e+000 0.00000000e+000 ... 5.61984576e-132
  6.94252275e-123 8.54991605e-114]
 [0.00000000e+000 0.00000000e+000 0.00000000e+000 ... 0.00000000e+000
  0.00000000e+000 0.00000000e+000]
 ...
 [5.24552525e-006 0.00000000e+000 0.00000000e+000 ... 0.00000000e+000
  0.00000000e+000 0.00000000e+000]
 [5.24552525e-006 0.00000000e+000 0.00000000e+000 ... 0.00000000e+000
  0.00000000e+000 0.00000000e+000]
 [5.24552525e-006 0.00000000e+000 0.00000000e+000 ... 0.00000000e+000
  0.00000000e+000 0.00000000e+000]]"
18,"[[0.00000000e+000 0.00000000e+000 0.00000000e+000 ... 5.46783830e-137
  6.72320879e-128 8.24065284e-119]
 [0.00000000e+000 0.00000000e+000 0.00000000e+000 ... 6.65064419e-129
  8.17757715e-120 1.00232756e-110]
 [0.00000000e+000 0.00000000e+000 0.00000000e+000 ... 0.00000000e+000
  0.00000000e+000 0.00000000e+000]
 ...
 [1.29409498e-004 0.00000000e+000 0.00000000e+000 ... 0.00000000e+000
  0.00000000e+000 0.00000000e+000]
 [1.28492321e-004 0.00000000e+000 0.00000000e+000 ... 0.00000000e+000
  0.00000000e+000 0.00000000e+000]
 [1.27819402e-004 0.00000000e+000 0.00000000e+000 ... 0.00000000e+000
  0.00000000e+000 0.00000000e+000]]"
19,"[[0.00000000e+000 0.00000000e+000 0.00000000e+000 ... 2.48721580e-142
  3.04372905e-133 3.71271988e-124]
 [0.00000000e+000 0.00000000e+000 0.00000000e+000 ... 4.66402270e-130
  5.70759538e-121 6.96208579e-112]
 [0.00000000e+000 0.00000000e+000 0.00000000e+000 ... 0.00000000e+000
  0.00000000e+000 0.00000000e+000]
 ...
 [1.46407190e-004 0.00000000e+000 0.00000000e+000 ... 0.00000000e+000
  0.00000000e+000 0.00000000e+000]
 [1.46406853e-004 0.00000000e+000 0.00000000e+000 ... 0.00000000e+000
  0.00000000e+000 0.00000000e+000]
 [1.46406606e-004 0.00000000e+000 0.00000000e+000 ... 0.00000000e+000
  0.00000000e+000 0.00000000e+000]]"
20,"[[0.00000000e+000 0.00000000e+000 0.00000000e+000 ... 7.06821566e-148
  8.60773504e-139 1.04480769e-129]
 [0.00000000e+000 0.00000000e+000 0.00000000e+000 ... 9.61515872e-125
  1.17094246e-115 1.42129107e-106]
 [0.00000000e+000 0.00000000e+000 0.00000000e+000 ... 3.32225547e-114
  4.04587186e-105 4.91088308e-096]
 ...
 [1.41928629e-003 0.00000000e+000 0.00000000e+000 ... 0.00000000e+000
  0.00000000e+000 0.00000000e+000]
 [1.42020380e-003 0.00000000e+000 0.00000000e+000 ... 0.00000000e+000
  0.00000000e+000 0.00000000e+000]
 [1.42087697e-003 0.00000000e+000 0.00000000e+000 ... 0.00000000e+000
  0.00000000e+000 0.00000000e+000]]"
21,"[[0.00000000e+000 0.00000000e+000 0.00000000e+000 ... 1.53848121e-153
  1.86432066e-144 2.25158775e-135]
 [0.00000000e+000 0.00000000e+000 0.00000000e+000 ... 2.74575160e-126
  3.32728239e-117 4.01844406e-108]
 [0.00000000e+000 0.00000000e+000 0.00000000e+000 ... 1.36066801e-112
  1.64884788e-103 1.99135577e-094]
 ...
 [3.52055493e-004 0.00000000e+000 0.00000000e+000 ... 0.00000000e+000
  0.00000000e+000 0.00000000e+000]
 [3.52055493e-004 0.00000000e+000 0.00000000e+000 ... 0.00000000e+000
  0.00000000e+000 0.00000000e+000]
 [3.52055493e-004 0.00000000e+000 0.00000000e+000 ... 0.00000000e+000
  0.00000000e+000 0.00000000e+000]]"
22,"[[0.00000000e+000 0.00000000e+000 0.00000000e+000 ... 1.86521004e-158
  2.24887316e-149 2.70217228e-140]
 [0.00000000e+000 0.00000000e+000 0.00000000e+000 ... 3.99502183e-121
  4.81677515e-112 5.78767915e-103]
 [0.00000000e+000 0.00000000e+000 0.00000000e+000 ... 1.41496514e-108
  1.70601544e-099 2.04989223e-090]
 ...
 [4.21861649e-005 0.00000000e+000 0.00000000e+000 ... 0.00000000e+000
  0.00000000e+000 0.00000000e+000]
 [4.21861649e-005 0.00000000e+000 0.00000000e+000 ... 0.00000000e+000
  0.00000000e+000 0.00000000e+000]
 [4.21861649e-005 0.00000000e+000 0.00000000e+000 ... 0.00000000e+000
  0.00000000e+000 0.00000000e+000]]"
23,"[[0.00000000e+000 0.00000000e+000 0.00000000e+000 ... 2.52864591e-164
  3.03313927e-155 3.62558272e-146]
 [0.00000000e+000 0.00000000e+000 0.00000000e+000 ... 4.61602353e-128
  5.53697226e-119 6.61847320e-110]
 [0.00000000e+000 0.00000000e+000 0.00000000e+000 ... 0.00000000e+000
  0.00000000e+000 0.00000000e+000]
 ...
 [2.89415732e-006 0.00000000e+000 0.00000000e+000 ... 0.00000000e+000
  0.00000000e+000 0.00000000e+000]
 [2.89415732e-006 0.00000000e+000 0.00000000e+000 ... 0.00000000e+000
  0.00000000e+000 0.00000000e+000]
 [2.89415732e-006 0.00000000e+000 0.00000000e+000 ... 0.00000000e+000
  0.00000000e+000 0.00000000e+000]]"
24,"[[0.00000000e+000 0.00000000e+000 0.00000000e+000 ... 3.54084381e-170
  4.22509149e-161 5.02361358e-152]
 [0.00000000e+000 0.00000000e+000 0.00000000e+000 ... 8.91109226e-126
  1.06331095e-116 1.26427164e-107]
 [0.00000000e+000 0.00000000e+000 0.00000000e+000 ... 2.42451451e-113
  2.89303798e-104 3.43980832e-095]
 ...
 [1.27904676e-005 0.00000000e+000 0.00000000e+000 ... 0.00000000e+000
  0.00000000e+000 0.00000000e+000]
 [1.27125296e-005 0.00000000e+000 0.00000000e+000 ... 0.00000000e+000
  0.00000000e+000 0.00000000e+000]
 [1.26521101e-005 0.00000000e+000 0.00000000e+000 ... 0.00000000e+000
  0.00000000e+000 0.00000000e+000]]"
25,"[[0.00000000e+000 0.00000000e+000 0.00000000e+000 ... 1.15135671e-175
  1.36653637e-166 1.61604186e-157]
 [0.00000000e+000 0.00000000e+000 0.00000000e+000 ... 3.67140495e-126
  4.35756212e-117 5.15317627e-108]
 [0.00000000e+000 0.00000000e+000 0.00000000e+000 ... 0.00000000e+000
  0.00000000e+000 0.00000000e+000]
 ...
 [4.72162802e-006 0.00000000e+000 0.00000000e+000 ... 0.00000000e+000
  0.00000000e+000 0.00000000e+000]
 [4.72157766e-006 0.00000000e+000 0.00000000e+000 ... 0.00000000e+000
  0.00000000e+000 0.00000000e+000]
 [4.72153862e-006 0.00000000e+000 0.00000000e+000 ... 0.00000000e+000
  0.00000000e+000 0.00000000e+000]]"
26,"[[0.00000000e+000 0.00000000e+000 0.00000000e+000 ... 3.53295035e-181
  4.17048515e-172 4.90483451e-163]
 [0.00000000e+000 0.00000000e+000 0.00000000e+000 ... 2.81962165e-123
  3.32843347e-114 3.91451229e-105]
 [0.00000000e+000 0.00000000e+000 0.00000000e+000 ... 1.84931558e-126
  2.18303185e-117 2.56742551e-108]
 ...
 [8.05195884e-005 0.00000000e+000 0.00000000e+000 ... 0.00000000e+000
  0.00000000e+000 0.00000000e+000]
 [8.06842163e-005 0.00000000e+000 0.00000000e+000 ... 0.00000000e+000
  0.00000000e+000 0.00000000e+000]
 [8.08097241e-005 0.00000000e+000 0.00000000e+000 ... 0.00000000e+000
  0.00000000e+000 0.00000000e+000]]"
27,"[[0.00000000e+000 0.00000000e+000 0.00000000e+000 ... 9.51523589e-187
  1.11703619e-177 1.30637103e-168]
 [0.00000000e+000 0.00000000e+000 0.00000000e+000 ... 7.06106080e-125
  8.28929579e-116 9.69431069e-107]
 [0.00000000e+000 0.00000000e+000 0.00000000e+000 ... 2.71549110e-131
  3.18783672e-122 3.72816707e-113]
 ...
 [7.19330292e-006 0.00000000e+000 0.00000000e+000 ... 0.00000000e+000
  0.00000000e+000 0.00000000e+000]
 [7.22633536e-006 0.00000000e+000 0.00000000e+000 ... 0.00000000e+000
  0.00000000e+000 0.00000000e+000]
 [7.25193409e-006 0.00000000e+000 0.00000000e+000 ... 0.00000000e+000
  0.00000000e+000 0.00000000e+000]]"
28,"[[0.00000000e+000 0.00000000e+000 0.00000000e+000 ... 2.97844129e-192
  3.47684553e-183 4.04297002e-174]
 [0.00000000e+000 0.00000000e+000 0.00000000e+000 ... 4.04229068e-116
  4.71871658e-107 5.48705127e-098]
 [0.00000000e+000 0.00000000e+000 0.00000000e+000 ... 4.20775302e-122
  4.91186694e-113 5.71165173e-104]
 ...
 [5.84215285e-011 0.00000000e+000 0.00000000e+000 ... 0.00000000e+000
  0.00000000e+000 0.00000000e+000]
 [5.83848955e-011 0.00000000e+000 0.00000000e+000 ... 0.00000000e+000
  0.00000000e+000 0.00000000e+000]
 [5.83568148e-011 0.00000000e+000 0.00000000e+000 ... 0.00000000e+000
  0.00000000e+000 0.00000000e+000]]"
29,"[[0.00000000e+000 0.00000000e+000 0.00000000e+000 ... 5.85373572e-198
  6.79407901e-189 7.85440274e-180]
 [0.00000000e+000 0.00000000e+000 0.00000000e+000 ... 2.27569148e-123
  2.64125824e-114 3.05346846e-105]
 [0.00000000e+000 0.00000000e+000 0.00000000e+000 ... 9.96107946e-123
  1.15612259e-113 1.33655384e-104]
 ...
 [7.50369371e-014 0.00000000e+000 0.00000000e+000 ... 0.00000000e+000
  0.00000000e+000 0.00000000e+000]
 [7.32971221e-014 0.00000000e+000 0.00000000e+000 ... 0.00000000e+000
  0.00000000e+000 0.00000000e+000]
 [7.19489321e-014 0.00000000e+000 0.00000000e+000 ... 0.00000000e+000
  0.00000000e+000 0.00000000e+000]]"
30,"[[0.00000000e+000 0.00000000e+000 0.00000000e+000 ... 8.66705928e-204
  1.00005317e-194 1.14927839e-185]
 [0.00000000e+000 0.00000000e+000 0.00000000e+000 ... 1.24500346e-105
  1.43655375e-096 1.65091240e-087]
 [0.00000000e+000 0.00000000e+000 0.00000000e+000 ... 4.20135705e-090
  4.84775782e-081 5.57112706e-072]
 ...
 [9.26683501e-006 0.00000000e+000 0.00000000e+000 ... 0.00000000e+000
  0.00000000e+000 0.00000000e+000]
 [9.23036101e-006 0.00000000e+000 0.00000000e+000 ... 0.00000000e+000
  0.00000000e+000 0.00000000e+000]
 [9.20348899e-006 0.00000000e+000 0.00000000e+000 ... 0.00000000e+000
  0.00000000e+000 0.00000000e+000]]"
31,"[[0.00000000e+000 0.00000000e+000 0.00000000e+000 ... 8.43936431e-210
  9.67978812e-201 1.10570117e-191]
 [0.00000000e+000 0.00000000e+000 0.00000000e+000 ... 1.12440240e-119
  1.28966787e-110 1.47315958e-101]
 [0.00000000e+000 0.00000000e+000 0.00000000e+000 ... 6.58077791e-103
  7.54802536e-094 8.62194537e-085]
 ...
 [2.45813435e-006 0.00000000e+000 0.00000000e+000 ... 0.00000000e+000
  0.00000000e+000 0.00000000e+000]
 [2.39254541e-006 0.00000000e+000 0.00000000e+000 ... 0.00000000e+000
  0.00000000e+000 0.00000000e+000]
 [2.34172086e-006 0.00000000e+000 0.00000000e+000 ... 0.00000000e+000
  0.00000000e+000 0.00000000e+000]]"
32,"[[0.00000000e+000 0.00000000e+000 0.00000000e+000 ... 7.66776471e-216
  8.74140126e-207 9.92369187e-198]
 [0.00000000e+000 0.00000000e+000 0.00000000e+000 ... 4.06871034e-088
  4.63840911e-079 5.26576248e-070]
 [0.00000000e+000 0.00000000e+000 0.00000000e+000 ... 2.00285210e-087
  2.28329044e-078 2.59210968e-069]
 ...
 [4.35468581e-005 0.00000000e+000 0.00000000e+000 ... 0.00000000e+000
  0.00000000e+000 0.00000000e+000]
 [4.35295014e-005 0.00000000e+000 0.00000000e+000 ... 0.00000000e+000
  0.00000000e+000 0.00000000e+000]
 [4.35167499e-005 0.00000000e+000 0.00000000e+000 ... 0.00000000e+000
  0.00000000e+000 0.00000000e+000]]"
33,"[[0.00000000e+000 0.00000000e+000 0.00000000e+000 ... 6.50745538e-222
  7.37271133e-213 8.31738225e-204]
 [0.00000000e+000 0.00000000e+000 0.00000000e+000 ... 2.62907991e-115
  2.97865235e-106 3.36030926e-097]
 [0.00000000e+000 0.00000000e+000 0.00000000e+000 ... 1.29769889e-114
  1.47024585e-105 1.65862953e-096]
 ...
 [1.27155333e-005 0.00000000e+000 0.00000000e+000 ... 0.00000000e+000
  0.00000000e+000 0.00000000e+000]
 [1.27150675e-005 0.00000000e+000 0.00000000e+000 ... 0.00000000e+000
  0.00000000e+000 0.00000000e+000]
 [1.27146987e-005 0.00000000e+000 0.00000000e+000 ... 0.00000000e+000
  0.00000000e+000 0.00000000e+000]]"
34,"[[0.00000000e+000 0.00000000e+000 0.00000000e+000 ... 5.26350199e-228
  5.92572155e-219 6.64228225e-210]
 [0.00000000e+000 0.00000000e+000 0.00000000e+000 ... 2.79415355e-087
  3.14569576e-078 3.52608521e-069]
 [0.00000000e+000 0.00000000e+000 0.00000000e+000 ... 6.67012582e-088
  7.50931764e-079 8.41737278e-070]
 ...
 [1.32970512e-004 0.00000000e+000 0.00000000e+000 ... 0.00000000e+000
  0.00000000e+000 0.00000000e+000]
 [1.32974068e-004 0.00000000e+000 0.00000000e+000 ... 0.00000000e+000
  0.00000000e+000 0.00000000e+000]
 [1.32976884e-004 0.00000000e+000 0.00000000e+000 ... 0.00000000e+000
  0.00000000e+000 0.00000000e+000]]"
35,"[[0.00000000e+000 0.00000000e+000 0.00000000e+000 ... 3.29437071e-234
  3.68502798e-225 4.10371482e-216]
 [0.00000000e+000 0.00000000e+000 0.00000000e+000 ... 4.92569383e-110
  5.50979874e-101 6.13581304e-092]
 [0.00000000e+000 0.00000000e+000 0.00000000e+000 ... 1.14352010e-110
  1.27912246e-101 1.42445426e-092]
 ...
 [3.09712186e-005 0.00000000e+000 0.00000000e+000 ... 0.00000000e+000
  0.00000000e+000 0.00000000e+000]
 [3.09851015e-005 0.00000000e+000 0.00000000e+000 ... 0.00000000e+000
  0.00000000e+000 0.00000000e+000]
 [3.09961116e-005 0.00000000e+000 0.00000000e+000 ... 0.00000000e+000
  0.00000000e+000 0.00000000e+000]]"
36,"[[0.00000000e+000 0.00000000e+000 0.00000000e+000 ... 1.46360182e-240
  1.62643902e-231 1.79920874e-222]
 [0.00000000e+000 0.00000000e+000 0.00000000e+000 ... 7.51919880e-115
  8.35576874e-106 9.24336661e-097]
 [0.00000000e+000 0.00000000e+000 0.00000000e+000 ... 3.21482656e-117
  3.57250127e-108 3.95199293e-099]
 ...
 [1.05640144e-004 0.00000000e+000 0.00000000e+000 ... 0.00000000e+000
  0.00000000e+000 0.00000000e+000]
 [1.05532504e-004 0.00000000e+000 0.00000000e+000 ... 0.00000000e+000
  0.00000000e+000 0.00000000e+000]
 [1.05452352e-004 0.00000000e+000 0.00000000e+000 ... 0.00000000e+000
  0.00000000e+000 0.00000000e+000]]"
37,"[[0.00000000e+000 0.00000000e+000 0.00000000e+000 ... 4.83467037e-247
  5.33662894e-238 5.86352154e-229]
 [0.00000000e+000 0.00000000e+000 0.00000000e+000 ... 3.57025645e-111
  3.94093753e-102 4.33003162e-093]
 [0.00000000e+000 0.00000000e+000 0.00000000e+000 ... 7.11401474e-101
  7.85262574e-092 8.62792610e-083]
 ...
 [2.31451595e-005 0.00000000e+000 0.00000000e+000 ... 0.00000000e+000
  0.00000000e+000 0.00000000e+000]
 [2.31691424e-005 0.00000000e+000 0.00000000e+000 ... 0.00000000e+000
  0.00000000e+000 0.00000000e+000]
 [2.31855880e-005 0.00000000e+000 0.00000000e+000 ... 0.00000000e+000
  0.00000000e+000 0.00000000e+000]]"
38,"[[0.00000000e+000 0.00000000e+000 0.00000000e+000 ... 1.38559654e-253
  1.51904975e-244 1.65750555e-235]
 [0.00000000e+000 0.00000000e+000 0.00000000e+000 ... 2.31323074e-089
  2.53602869e-080 2.76717839e-071]
 [0.00000000e+000 0.00000000e+000 0.00000000e+000 ... 7.37308787e-091
  8.08322405e-082 8.81998023e-073]
 ...
 [6.80050468e-005 0.00000000e+000 0.00000000e+000 ... 0.00000000e+000
  0.00000000e+000 0.00000000e+000]
 [6.79168390e-005 0.00000000e+000 0.00000000e+000 ... 0.00000000e+000
  0.00000000e+000 0.00000000e+000]
 [6.78480291e-005 0.00000000e+000 0.00000000e+000 ... 0.00000000e+000
  0.00000000e+000 0.00000000e+000]]"
39,"[[0.00000000e+000 0.00000000e+000 0.00000000e+000 ... 3.43260331e-260
  3.73706713e-251 4.04896534e-242]
 [0.00000000e+000 0.00000000e+000 0.00000000e+000 ... 2.10258110e-137
  2.28907509e-128 2.48012288e-119]
 [0.00000000e+000 0.00000000e+000 0.00000000e+000 ... 4.29478599e-071
  4.67572338e-062 5.06596249e-053]
 ...
 [4.77269158e-006 0.00000000e+000 0.00000000e+000 ... 0.00000000e+000
  0.00000000e+000 0.00000000e+000]
 [4.86971760e-006 0.00000000e+000 0.00000000e+000 ... 0.00000000e+000
  0.00000000e+000 0.00000000e+000]
 [4.94545705e-006 0.00000000e+000 0.00000000e+000 ... 0.00000000e+000
  0.00000000e+000 0.00000000e+000]]"
40,"[[0.00000000e+000 0.00000000e+000 0.00000000e+000 ... 8.76868872e-267
  9.47884973e-258 1.01962231e-248]
 [0.00000000e+000 0.00000000e+000 0.00000000e+000 ... 4.39857417e-086
  4.75480712e-077 5.11465796e-068]
 [0.00000000e+000 0.00000000e+000 0.00000000e+000 ... 6.23028075e-088
  6.73486047e-079 7.24456467e-070]
 ...
 [1.80494633e-005 0.00000000e+000 0.00000000e+000 ... 0.00000000e+000
  0.00000000e+000 0.00000000e+000]
 [1.80146743e-005 0.00000000e+000 0.00000000e+000 ... 0.00000000e+000
  0.00000000e+000 0.00000000e+000]
 [1.79871823e-005 0.00000000e+000 0.00000000e+000 ... 0.00000000e+000
  0.00000000e+000 0.00000000e+000]]"
41,"[[0.00000000e+000 0.00000000e+000 0.00000000e+000 ... 2.05950017e-273
  2.21021336e-264 2.36006840e-255]
 [0.00000000e+000 0.00000000e+000 0.00000000e+000 ... 2.20297867e-107
  2.36419154e-098 2.52448648e-089]
 [0.00000000e+000 0.00000000e+000 0.00000000e+000 ... 5.35878738e-110
  5.75094075e-101 6.14086124e-092]
 ...
 [2.13661037e-035 0.00000000e+000 0.00000000e+000 ... 0.00000000e+000
  0.00000000e+000 0.00000000e+000]
 [8.46848108e-036 0.00000000e+000 0.00000000e+000 ... 0.00000000e+000
  0.00000000e+000 0.00000000e+000]
 [3.87884209e-036 0.00000000e+000 0.00000000e+000 ... 0.00000000e+000
  0.00000000e+000 0.00000000e+000]]"
42,"[[0.00000000e+000 0.00000000e+000 0.00000000e+000 ... 3.83744145e-280
  4.08791649e-271 4.33246709e-262]
 [0.00000000e+000 0.00000000e+000 0.00000000e+000 ... 1.14808515e-088
  1.22302223e-079 1.29618685e-070]
 [0.00000000e+000 0.00000000e+000 0.00000000e+000 ... 8.02125685e-090
  8.54481522e-081 9.05598997e-072]
 ...
 [1.59995062e-032 0.00000000e+000 0.00000000e+000 ... 0.00000000e+000
  0.00000000e+000 0.00000000e+000]
 [1.59899493e-032 0.00000000e+000 0.00000000e+000 ... 0.00000000e+000
  0.00000000e+000 0.00000000e+000]
 [1.59823861e-032 0.00000000e+000 0.00000000e+000 ... 0.00000000e+000
  0.00000000e+000 0.00000000e+000]]"
43,"[[0.00000000e+000 0.00000000e+000 0.00000000e+000 ... 4.34759211e-287
  6.28841749e-278 6.61376286e-269]
 [0.00000000e+000 0.00000000e+000 0.00000000e+000 ... 8.62549921e-116
  1.24760416e-106 1.31215176e-097]
 [0.00000000e+000 0.00000000e+000 0.00000000e+000 ... 6.95071064e-113
  1.00536042e-103 1.05737500e-094]
 ...
 [2.16179443e-031 0.00000000e+000 0.00000000e+000 ... 0.00000000e+000
  0.00000000e+000 0.00000000e+000]
 [2.06590108e-031 0.00000000e+000 0.00000000e+000 ... 0.00000000e+000
  0.00000000e+000 0.00000000e+000]
 [1.99266648e-031 0.00000000e+000 0.00000000e+000 ... 0.00000000e+000
  0.00000000e+000 0.00000000e+000]]"
44,"[[0.00000000e+000 0.00000000e+000 0.00000000e+000 ... 4.31218529e-294
  6.23720457e-285 6.50882154e-276]
 [0.00000000e+000 0.00000000e+000 0.00000000e+000 ... 2.86582513e-101
  4.14516919e-092 4.32568248e-083]
 [0.00000000e+000 0.00000000e+000 0.00000000e+000 ... 2.12396768e-099
  3.07213630e-090 3.20592129e-081]
 ...
 [3.04666498e-010 0.00000000e+000 0.00000000e+000 ... 0.00000000e+000
  0.00000000e+000 0.00000000e+000]
 [3.04666498e-010 0.00000000e+000 0.00000000e+000 ... 0.00000000e+000
  0.00000000e+000 0.00000000e+000]
 [3.04666498e-010 0.00000000e+000 0.00000000e+000 ... 0.00000000e+000
  0.00000000e+000 0.00000000e+000]]"
