,0
0,"[[0.00000000e+00 0.00000000e+00 0.00000000e+00 ... 1.62753280e-70
  2.15021130e-61 2.83457071e-52]
 [0.00000000e+00 0.00000000e+00 0.00000000e+00 ... 1.62753281e-70
  2.15021131e-61 2.83457073e-52]
 [0.00000000e+00 0.00000000e+00 0.00000000e+00 ... 1.62753283e-70
  2.15021134e-61 2.83457076e-52]
 ...
 [3.00991104e-05 0.00000000e+00 0.00000000e+00 ... 0.00000000e+00
  0.00000000e+00 0.00000000e+00]
 [3.01174083e-05 0.00000000e+00 0.00000000e+00 ... 0.00000000e+00
  0.00000000e+00 0.00000000e+00]
 [3.01313796e-05 0.00000000e+00 0.00000000e+00 ... 0.00000000e+00
  0.00000000e+00 0.00000000e+00]]"
1,"[[0.00000000e+00 0.00000000e+00 0.00000000e+00 ... 1.77135386e-73
  2.33239720e-64 3.06431465e-55]
 [0.00000000e+00 0.00000000e+00 0.00000000e+00 ... 1.77135387e-73
  2.33239722e-64 3.06431467e-55]
 [0.00000000e+00 0.00000000e+00 0.00000000e+00 ... 1.77135389e-73
  2.33239724e-64 3.06431470e-55]
 ...
 [1.09422837e-05 0.00000000e+00 0.00000000e+00 ... 0.00000000e+00
  0.00000000e+00 0.00000000e+00]
 [1.09508201e-05 0.00000000e+00 0.00000000e+00 ... 0.00000000e+00
  0.00000000e+00 0.00000000e+00]
 [1.09573663e-05 0.00000000e+00 0.00000000e+00 ... 0.00000000e+00
  0.00000000e+00 0.00000000e+00]]"
2,"[[0.00000000e+00 0.00000000e+00 0.00000000e+00 ... 1.82029177e-76
  2.38865456e-67 3.12736070e-58]
 [0.00000000e+00 0.00000000e+00 0.00000000e+00 ... 1.82029180e-76
  2.38865459e-67 3.12736074e-58]
 [0.00000000e+00 0.00000000e+00 0.00000000e+00 ... 1.82029184e-76
  2.38865465e-67 3.12736082e-58]
 ...
 [6.15049466e-05 0.00000000e+00 0.00000000e+00 ... 0.00000000e+00
  0.00000000e+00 0.00000000e+00]
 [6.15315076e-05 0.00000000e+00 0.00000000e+00 ... 0.00000000e+00
  0.00000000e+00 0.00000000e+00]
 [6.15517203e-05 0.00000000e+00 0.00000000e+00 ... 0.00000000e+00
  0.00000000e+00 0.00000000e+00]]"
3,"[[0.00000000e+00 0.00000000e+00 0.00000000e+00 ... 7.09469673e-80
  9.27748817e-71 1.21036842e-61]
 [0.00000000e+00 0.00000000e+00 0.00000000e+00 ... 7.09469684e-80
  9.27748831e-71 1.21036843e-61]
 [0.00000000e+00 0.00000000e+00 0.00000000e+00 ... 7.09469706e-80
  9.27748860e-71 1.21036847e-61]
 ...
 [7.12475060e-09 0.00000000e+00 0.00000000e+00 ... 0.00000000e+00
  0.00000000e+00 0.00000000e+00]
 [5.88997291e-09 0.00000000e+00 0.00000000e+00 ... 0.00000000e+00
  0.00000000e+00 0.00000000e+00]
 [5.06195908e-09 0.00000000e+00 0.00000000e+00 ... 0.00000000e+00
  0.00000000e+00 0.00000000e+00]]"
4,"[[0.00000000e+00 0.00000000e+00 0.00000000e+00 ... 2.73213063e-83
  3.56000887e-74 4.62774276e-65]
 [0.00000000e+00 0.00000000e+00 0.00000000e+00 ... 2.73213069e-83
  3.56000895e-74 4.62774286e-65]
 [0.00000000e+00 0.00000000e+00 0.00000000e+00 ... 2.73213081e-83
  3.56000911e-74 4.62774307e-65]
 ...
 [6.94730279e-05 0.00000000e+00 0.00000000e+00 ... 0.00000000e+00
  0.00000000e+00 0.00000000e+00]
 [6.93909822e-05 0.00000000e+00 0.00000000e+00 ... 0.00000000e+00
  0.00000000e+00 0.00000000e+00]
 [6.93262168e-05 0.00000000e+00 0.00000000e+00 ... 0.00000000e+00
  0.00000000e+00 0.00000000e+00]]"
5,"[[0.00000000e+00 0.00000000e+00 0.00000000e+00 ... 7.78469324e-87
  1.01067676e-77 1.30896856e-68]
 [0.00000000e+00 0.00000000e+00 0.00000000e+00 ... 7.78469337e-87
  1.01067678e-77 1.30896858e-68]
 [0.00000000e+00 0.00000000e+00 0.00000000e+00 ... 7.78469364e-87
  1.01067681e-77 1.30896863e-68]
 ...
 [1.59622041e-05 0.00000000e+00 0.00000000e+00 ... 0.00000000e+00
  0.00000000e+00 0.00000000e+00]
 [1.60243529e-05 0.00000000e+00 0.00000000e+00 ... 0.00000000e+00
  0.00000000e+00 0.00000000e+00]
 [1.60747404e-05 0.00000000e+00 0.00000000e+00 ... 0.00000000e+00
  0.00000000e+00 0.00000000e+00]]"
6,"[[0.00000000e+00 0.00000000e+00 0.00000000e+00 ... 2.90037864e-90
  3.75158302e-81 4.84058648e-72]
 [0.00000000e+00 0.00000000e+00 0.00000000e+00 ... 2.90037870e-90
  3.75158310e-81 4.84058658e-72]
 [0.00000000e+00 0.00000000e+00 0.00000000e+00 ... 2.90037882e-90
  3.75158325e-81 4.84058678e-72]
 ...
 [6.57188627e-05 0.00000000e+00 0.00000000e+00 ... 0.00000000e+00
  0.00000000e+00 0.00000000e+00]
 [6.57401042e-05 0.00000000e+00 0.00000000e+00 ... 0.00000000e+00
  0.00000000e+00 0.00000000e+00]
 [6.57553970e-05 0.00000000e+00 0.00000000e+00 ... 0.00000000e+00
  0.00000000e+00 0.00000000e+00]]"
7,"[[0.00000000e+00 0.00000000e+00 0.00000000e+00 ... 8.91798298e-94
  1.14916969e-84 1.47707015e-75]
 [0.00000000e+00 0.00000000e+00 0.00000000e+00 ... 8.91798308e-94
  1.14916970e-84 1.47707017e-75]
 [0.00000000e+00 0.00000000e+00 0.00000000e+00 ... 8.91798329e-94
  1.14916973e-84 1.47707020e-75]
 ...
 [1.30825602e-05 0.00000000e+00 0.00000000e+00 ... 0.00000000e+00
  0.00000000e+00 0.00000000e+00]
 [1.30825602e-05 0.00000000e+00 0.00000000e+00 ... 0.00000000e+00
  0.00000000e+00 0.00000000e+00]
 [1.30825602e-05 0.00000000e+00 0.00000000e+00 ... 0.00000000e+00
  0.00000000e+00 0.00000000e+00]]"
8,"[[0.00000000e+00 0.00000000e+00 0.00000000e+00 ... 2.81502133e-97
  3.61344727e-88 4.62635387e-79]
 [0.00000000e+00 0.00000000e+00 0.00000000e+00 ... 2.81502138e-97
  3.61344734e-88 4.62635396e-79]
 [0.00000000e+00 0.00000000e+00 0.00000000e+00 ... 2.81502149e-97
  3.61344748e-88 4.62635414e-79]
 ...
 [8.75018322e-05 0.00000000e+00 0.00000000e+00 ... 0.00000000e+00
  0.00000000e+00 0.00000000e+00]
 [8.75018322e-05 0.00000000e+00 0.00000000e+00 ... 0.00000000e+00
  0.00000000e+00 0.00000000e+00]
 [8.75018322e-05 0.00000000e+00 0.00000000e+00 ... 0.00000000e+00
  0.00000000e+00 0.00000000e+00]]"
9,"[[0.00000000e+000 0.00000000e+000 0.00000000e+000 ... 6.18609255e-101
  7.90945424e-092 1.00862721e-082]
 [0.00000000e+000 0.00000000e+000 0.00000000e+000 ... 6.18609265e-101
  7.90945436e-092 1.00862722e-082]
 [0.00000000e+000 0.00000000e+000 0.00000000e+000 ... 6.18609285e-101
  7.90945462e-092 1.00862726e-082]
 ...
 [1.86354565e-005 0.00000000e+000 0.00000000e+000 ... 0.00000000e+000
  0.00000000e+000 0.00000000e+000]
 [1.86354565e-005 0.00000000e+000 0.00000000e+000 ... 0.00000000e+000
  0.00000000e+000 0.00000000e+000]
 [1.86354565e-005 0.00000000e+000 0.00000000e+000 ... 0.00000000e+000
  0.00000000e+000 0.00000000e+000]]"
10,"[[0.00000000e+000 0.00000000e+000 0.00000000e+000 ... 1.59107669e-104
  2.02617866e-095 2.57332067e-086]
 [0.00000000e+000 0.00000000e+000 0.00000000e+000 ... 1.59107674e-104
  2.02617872e-095 2.57332074e-086]
 [0.00000000e+000 0.00000000e+000 0.00000000e+000 ... 1.59107683e-104
  2.02617883e-095 2.57332089e-086]
 ...
 [5.66309888e-005 0.00000000e+000 0.00000000e+000 ... 0.00000000e+000
  0.00000000e+000 0.00000000e+000]
 [5.66309888e-005 0.00000000e+000 0.00000000e+000 ... 0.00000000e+000
  0.00000000e+000 0.00000000e+000]
 [5.66309888e-005 0.00000000e+000 0.00000000e+000 ... 0.00000000e+000
  0.00000000e+000 0.00000000e+000]]"
11,"[[0.00000000e+000 0.00000000e+000 0.00000000e+000 ... 5.82979520e-108
  7.39370018e-099 9.35138636e-090]
 [0.00000000e+000 0.00000000e+000 0.00000000e+000 ... 5.82979528e-108
  7.39370027e-099 9.35138648e-090]
 [0.00000000e+000 0.00000000e+000 0.00000000e+000 ... 5.82979415e-108
  7.39369884e-099 9.35138467e-090]
 ...
 [7.68639904e-006 0.00000000e+000 0.00000000e+000 ... 0.00000000e+000
  0.00000000e+000 0.00000000e+000]
 [7.68628308e-006 0.00000000e+000 0.00000000e+000 ... 0.00000000e+000
  0.00000000e+000 0.00000000e+000]
 [7.68620944e-006 0.00000000e+000 0.00000000e+000 ... 0.00000000e+000
  0.00000000e+000 0.00000000e+000]]"
12,"[[0.00000000e+000 0.00000000e+000 0.00000000e+000 ... 2.62503257e-111
  3.31536168e-102 4.17549335e-093]
 [0.00000000e+000 0.00000000e+000 0.00000000e+000 ... 2.62503262e-111
  3.31536174e-102 4.17549343e-093]
 [0.00000000e+000 0.00000000e+000 0.00000000e+000 ... 2.60921164e-111
  3.29538018e-102 4.15032789e-093]
 ...
 [5.52326400e-005 0.00000000e+000 0.00000000e+000 ... 0.00000000e+000
  0.00000000e+000 0.00000000e+000]
 [5.52327560e-005 0.00000000e+000 0.00000000e+000 ... 0.00000000e+000
  0.00000000e+000 0.00000000e+000]
 [5.52328296e-005 0.00000000e+000 0.00000000e+000 ... 0.00000000e+000
  0.00000000e+000 0.00000000e+000]]"
13,"[[0.00000000e+000 0.00000000e+000 0.00000000e+000 ... 7.70952289e-115
  9.69563031e-106 1.21584987e-096]
 [0.00000000e+000 0.00000000e+000 0.00000000e+000 ... 7.70952295e-115
  9.69563040e-106 1.21584988e-096]
 [0.00000000e+000 0.00000000e+000 0.00000000e+000 ... 2.21305063e-146
  2.78317103e-137 3.49014765e-128]
 ...
 [7.74012814e-006 0.00000000e+000 0.00000000e+000 ... 0.00000000e+000
  0.00000000e+000 0.00000000e+000]
 [7.74012814e-006 0.00000000e+000 0.00000000e+000 ... 0.00000000e+000
  0.00000000e+000 0.00000000e+000]
 [7.74012814e-006 0.00000000e+000 0.00000000e+000 ... 0.00000000e+000
  0.00000000e+000 0.00000000e+000]]"
